Evaluating parameters: num_units = 128, batch_size = 32, lr = 0.1, input_size = 10, output_size = 1
Best Validation MSE: 2199.4887530723313
Best Validation RMSE: 46.8987073710175
Best Validation MAE: 39.01059680038624
Final Test MSE: 2642.904074435764
Final Test RMSE: 51.40918278319316
Final Test MAE: 40.48292643229167
Training MSE per epoch: [20306.86741578734, 5855.797540838068, 4324.501937271712, 3555.8547775466723, 3276.158339463271, 3122.035061130276, 2961.2794078480115, 2913.066875507305, 3036.2465852019077, 3023.3793596540177, 2915.101378601867, 2958.5575537743507, 3032.5885057325486, 2941.8794864803167, 2888.0285676237827, 2853.000095119724, 2864.5124844637785, 2696.243725268872, 2705.1503589184254, 2571.751864346591, 2536.770656833401, 2549.4009074421674, 2662.6297591568587, 2796.722023703835, 2676.2749229530236, 2591.29346971388, 2668.5277971540177, 2647.626483867695, 2660.659002130682, 2571.5020767806413, 2512.871601055195, 2555.672870586445, 2579.5763747970777, 2517.193110478389, 2567.706951983563, 2454.473956219562, 2460.5832313438514, 2505.599948635349, 2424.2199992390424, 2411.7308397169236, 2328.823898513596, 2357.5093344155844, 2257.692229035613, 2374.473864270495, 2343.8399356990667, 2453.31372704444, 2590.7866591416396, 2440.9372003728695, 2287.976407137784, 2386.920058213271, 2548.438292664367, 2572.63231153612]
Validation MSE per epoch: [7261.313948384832, 4104.046128862359, 2943.6062779801614, 2840.7889719759482, 2681.347420338834, 2906.870482026861, 2928.46296194698, 3108.0858606917136, 2961.783203125, 2985.9581230249296, 2892.660584181882, 2859.9241161560744, 2631.086365431882, 2641.7303014176614, 2658.046079485604, 2749.936682540379, 2741.613492472788, 2712.82098731566, 2575.3217718574438, 2571.341917573736, 2521.202847941538, 2615.498167573736, 2853.3865431882023, 2768.3244738632375, 2546.8882000526687, 2756.7974428326897, 2661.1555285507375, 2456.1384414501404, 2515.22942086552, 2675.249879301264, 2738.230822616749, 3005.4912575711023, 3044.5709022779142, 2600.9736136104284, 2434.094268455934, 2573.8387986086727, 2675.0161900895364, 2518.452935722437, 2623.200173367275, 2594.0515301307937, 2430.0822945926966, 2199.4887530723313, 2522.681972546524, 2835.065270584621, 2460.6329030240518, 2761.5187083040732, 2782.4687911472965, 2703.444610252809, 2822.1704266151687, 3054.294702422753, 2814.4084116046347, 2543.517852440309]
Validation RMSE per epoch: [85.21334372259331, 64.06282954149277, 54.25501154713877, 53.29905226151726, 51.7817286341315, 53.91540115798881, 54.11527475627358, 55.750209512536486, 54.422267530166366, 54.64392119005489, 53.783460135825045, 53.47825835006292, 51.29411628473466, 51.39776552942415, 51.55624190615142, 52.43983869674256, 52.360419139582795, 52.08474812568129, 50.74762823874081, 50.70840085798147, 50.211580815002606, 51.141941374704736, 53.41709972647525, 52.614869322875236, 50.46670387545306, 52.50521348240277, 51.586388985378086, 49.55944351433075, 50.15206297716495, 51.722817781915786, 52.328107386152894, 54.8223609266429, 55.17763045182272, 50.999741309250076, 49.33654090484997, 50.733014877973424, 51.72055867920934, 50.18419009730492, 51.21718630857493, 50.93183218902294, 49.295864883301284, 46.8987073710175, 50.22630757428346, 53.24533097450537, 49.60476693851158, 52.55015421770019, 52.74911175695091, 51.994659439723314, 53.124104007645805, 55.26567381678027, 53.050998214968914, 50.43330102660651]
Validation MAE per epoch: [67.3971646769663, 54.54020502326194, 44.940228065747895, 44.01886192064607, 41.61563213219804, 42.73031787658006, 43.989326391327246, 43.805226529582164, 44.03860987974017, 44.99273750219452, 43.06917957777387, 42.89542963263694, 39.42943512991573, 40.29569544417135, 39.72108716643258, 40.7422972261236, 41.32630217477177, 40.86557726913624, 40.81406359726124, 40.61808588263694, 40.65830325008778, 41.61695433198736, 42.15438602747542, 41.83352901158708, 40.745438136411515, 41.86478998419944, 42.958619535639045, 39.88933983277739, 41.336709697594806, 41.51739982004916, 41.73919609155548, 45.26731066757374, 45.16814294022121, 40.526784146769664, 39.99103674727879, 39.86839723051264, 40.13157122322683, 40.75553156820576, 41.051395716292134, 40.71677767292837, 39.303558692503515, 39.01059680038624, 41.41983135094804, 42.45945071102528, 39.705442964360955, 42.58729810393258, 42.541344803370784, 41.54159717345506, 43.12414276465941, 44.86335120040379, 42.74210932013694, 41.86728625351124]
Training Time (h:m:s):   0:00:03
Epoch Times (seconds): [0.05365276336669922, 0.04340958595275879, 0.06416773796081543, 0.03208518028259277, 0.047052860260009766, 0.051500558853149414, 0.03219342231750488, 0.0469663143157959, 0.04704427719116211, 0.039456844329833984, 0.04709792137145996, 0.06046915054321289, 0.047948598861694336, 0.045838117599487305, 0.0670771598815918, 0.03802800178527832, 0.047223567962646484, 0.06119847297668457, 0.04734945297241211, 0.04769015312194824, 0.047206878662109375, 0.04460310935974121, 0.06273555755615234, 0.045325517654418945, 0.050908565521240234, 0.04985404014587402, 0.08337926864624023, 0.05288410186767578, 0.08208155632019043, 0.04536938667297363, 0.04537081718444824, 0.06570148468017578, 0.06157684326171875, 0.04190349578857422, 0.05463266372680664, 0.04732680320739746, 0.04785275459289551, 0.031407833099365234, 0.044448137283325195, 0.04713916778564453, 0.047217369079589844, 0.04723620414733887, 0.04750370979309082, 0.1017756462097168, 0.06298422813415527, 0.04847550392150879, 0.043599843978881836, 0.048300981521606445, 0.04126262664794922, 0.0944066047668457, 0.06334304809570312, 0.04465842247009277]
