Evaluating parameters:
hidden_sizes = (512, 256, 128)
batch_size = 32
learning_rate = 0.001
weight_decay = 0.005
betas = (0.9, 0.999)
activation = relu
use_layer_norm = False
bias = True
num_parameters = 169985
Best Validation MSE: 3139.91259765625
Final Test RMSE: 46.37457192935434
Training Loss per epoch: [29182.37734375, 23662.2880859375, 12126.051025390625, 5682.0193359375, 4564.121264648437, 3824.0523681640625, 3443.9212158203127, 3321.0232788085937, 3241.9896484375, 3215.423876953125, 3111.5024658203124, 3051.0938232421877, 3027.8591796875, 3047.811572265625, 3026.7297119140626, 2896.8563720703123, 2910.8727172851563, 2844.5160522460938, 2826.6991455078123, 2814.513781738281, 2721.82109375, 2774.496484375, 2713.85556640625, 2682.177526855469, 2653.6421508789062, 2640.988146972656, 2622.3528686523437, 2633.9508056640625, 2540.409948730469, 2529.6830078125, 2558.9263549804687, 2649.70966796875, 2530.989501953125, 2491.555554199219, 2551.3434814453126, 2476.1868408203127, 2436.0850341796877, 2425.0983947753907, 2395.9580688476562, 2380.536181640625, 2468.762097167969, 2431.450549316406, 2410.023474121094, 2324.2296142578125, 2320.5879516601562, 2292.8054931640627, 2292.9257202148438, 2198.193768310547, 2212.7711791992188, 2246.342395019531, 2306.7006713867186, 2316.6808349609373, 2315.3630615234374, 2208.7722900390627, 2149.0083618164062, 2148.1615234375]
Validation Loss per epoch: [25886.823567708332, 17467.644205729168, 6279.768717447917, 5930.523274739583, 4714.031901041667, 4372.154622395833, 4163.785970052083, 4071.2464192708335, 4079.63330078125, 3912.0796712239585, 3854.7649739583335, 3809.6529947916665, 3758.1231282552085, 3682.9798177083335, 3693.1026204427085, 3594.7333170572915, 3529.8001302083335, 3549.0367838541665, 3484.1678873697915, 3427.933837890625, 3415.9114583333335, 3391.4988606770835, 3396.3916829427085, 3340.509521484375, 3307.9325358072915, 3307.5673014322915, 3284.4403483072915, 3255.2301432291665, 3249.5297037760415, 3207.35107421875, 3244.2852376302085, 3204.4659830729165, 3197.4942220052085, 3194.2061360677085, 3177.137939453125, 3192.78369140625, 3206.5556640625, 3155.1931966145835, 3145.5528157552085, 3192.8280436197915, 3172.6586100260415, 3176.251708984375, 3161.9195149739585, 3200.8068033854165, 3186.4853515625, 3139.91259765625, 3165.8472493489585, 3179.9003092447915, 3199.6027018229165, 3163.2586263020835, 3219.0068359375, 3180.0948079427085, 3178.673095703125, 3229.8282063802085, 3229.7821451822915, 3220.876953125]
Training Time (h:m:s):   0:00:02
Epoch Times (seconds): [0.0344393253326416, 0.029317140579223633, 0.029831886291503906, 0.03362107276916504, 0.037927865982055664, 0.030196189880371094, 0.03402543067932129, 0.03332996368408203, 0.033269643783569336, 0.033460378646850586, 0.03737330436706543, 0.038744449615478516, 0.027216672897338867, 0.049086570739746094, 0.030042409896850586, 0.03328704833984375, 0.02942681312561035, 0.03340768814086914, 0.03320026397705078, 0.054308414459228516, 0.023068666458129883, 0.03300213813781738, 0.033170461654663086, 0.03345346450805664, 0.033373117446899414, 0.03316760063171387, 0.05159640312194824, 0.02791118621826172, 0.03327536582946777, 0.03346514701843262, 0.03324127197265625, 0.03423476219177246, 0.041538238525390625, 0.021175146102905273, 0.03202629089355469, 0.03446674346923828, 0.05002570152282715, 0.029149532318115234, 0.03435373306274414, 0.03312039375305176, 0.03847074508666992, 0.038107872009277344, 0.033109426498413086, 0.03699898719787598, 0.021379470825195312, 0.03349876403808594, 0.03406262397766113, 0.04185128211975098, 0.02204442024230957, 0.05185127258300781, 0.03455853462219238, 0.023186206817626953, 0.04650259017944336, 0.046196699142456055, 0.03496122360229492, 0.0339505672454834]
