Evaluating parameters: t_step = 2, t_end = 100.0, batch_size = 32, lr = 0.1, input_size = 10, hidden_size = 2, output_size = 1, a = 0.2, b = 0.02, g = 3.0, I = 0.0, initial_state_scale = 1.0, state_clip = 20.0, use_layer_norm = True
Best Validation MSE: 3209.967038272472
Best Validation RMSE: 56.65657100701093
Best Validation MAE: 47.51562980051791
Final Test MSE: 4332.107486979166
Final Test RMSE: 65.81874723039908
Final Test MAE: 51.13407660590278
Training MSE per epoch: [28399.83685064935, 19751.885653409092, 12533.079735693993, 8312.395089285714, 6506.248478084415, 6143.815036525974, 6033.011274857955, 5854.025656960227, 5783.041668780438, 5668.220119724026, 5489.798041801948, 5411.053809227881, 5346.554643110795, 5316.895159040178, 5296.678977272727, 5284.872425426136, 5281.038434709822, 5279.543120941558, 5110.705705915178, 4446.954919592126, 4293.572381353997, 4264.630789620535, 4251.617342862216, 4191.355139001624, 4187.743094308035, 4155.799709567776, 4154.521661931818, 4153.032898741883, 4164.29146585836, 4151.855716061283, 4152.442490614854, 4158.055733816965, 4153.699148995535, 4152.669985288149, 4146.324504109172, 4147.818483030641, 4148.385900720374, 4159.444424715909, 4156.758573457792, 4162.708635602678, 4148.0514407467535, 4168.549462256494, 4151.664097377232, 4163.500202922078, 4162.48972072849, 4156.54149122362]
Validation MSE per epoch: [22090.436029669945, 13631.029680916432, 8304.424376755618, 5824.670849060744, 5150.152837517556, 5082.358881232444, 4901.9916882461375, 4794.5530635533705, 4737.8989148086375, 4383.979771989115, 4308.428315923455, 4229.641911538799, 4181.421474499649, 4142.056750351124, 4111.941260862886, 4103.758059383778, 4090.2947435700494, 4088.7583995347613, 4097.569777585148, 3684.359462780899, 3303.1860790466994, 3261.461730271243, 3223.664303897472, 3221.5971268214535, 3218.5806322419244, 3212.131103515625, 3214.441398020541, 3210.2273936753863, 3221.5443842169943, 3210.8864252326193, 3212.590513079354, 3210.8033598139045, 3220.261074109024, 3224.776523547226, 3213.227939562851, 3209.967038272472, 3212.7261866880267, 3210.766598819347, 3234.4083457689608, 3210.5832574394312, 3211.5585827773875, 3243.872937148876, 3210.837213066187, 3210.218204112535, 3221.995973051264, 3210.056451347437]
Validation RMSE per epoch: [148.6285168790631, 116.7520007576591, 91.12861447841516, 76.31953124240704, 71.76456533357918, 71.29066475515882, 70.01422489927413, 69.24271126662626, 68.83239727634538, 66.21162867645769, 65.63861908909612, 65.0356972096002, 64.66391168572814, 64.35881253061716, 64.12442016005203, 64.06058116645352, 63.95541215229599, 63.943399968524986, 64.01226271258615, 60.698924725079756, 57.47335103373301, 57.109208804458525, 56.77732209163683, 56.759114922816174, 56.7325359228893, 56.67566588506592, 56.69604393624427, 56.658868623326626, 56.75865030298901, 56.66468410952822, 56.67971871030549, 56.66395114897923, 56.74734420313451, 56.787115823461455, 56.68534148757376, 56.65657100701093, 56.680915542076654, 56.66362677078963, 56.87185899694998, 56.662008942848395, 56.67061480853536, 56.95500800762718, 56.664249867673945, 56.65878752773073, 56.762628313453426, 56.657360080994216]
Validation MAE per epoch: [129.9306613193469, 93.57025763693821, 71.31596323077598, 62.96160820093048, 61.18516420514396, 61.601000153616575, 59.88498644882374, 58.64231341072683, 57.83488275763694, 55.68648229020365, 54.949248924683985, 54.14198560393258, 53.578393829002806, 53.106420624122194, 52.79689008734199, 52.75765751185042, 52.575999056355336, 52.566433681530896, 52.58803464053722, 51.40435996752107, 48.59890987096208, 48.15093925561798, 47.84822339690133, 47.69865777519312, 47.65292529845506, 47.59805675035113, 47.54456389352177, 47.51863286736306, 47.349959812807235, 47.500464278660466, 47.483347689167836, 47.5819763869382, 47.36961930521419, 47.346588477659765, 47.42402288886938, 47.51562980051791, 47.46269106061271, 47.51125309976299, 47.40685760840941, 47.55067358124122, 47.465572057145366, 47.260662636060395, 47.52852056267556, 47.54557611701194, 47.44171073999298, 47.49354741814431]
Training Time (h:m:s):   0:00:01
Epoch Times (seconds): [0.02604985237121582, 0.018120288848876953, 0.0493006706237793, 0.03280520439147949, 0.03392624855041504, 0.028157711029052734, 0.0248563289642334, 0.03331160545349121, 0.03193497657775879, 0.025774002075195312, 0.025348901748657227, 0.024802446365356445, 0.033339738845825195, 0.0218505859375, 0.03179574012756348, 0.030690431594848633, 0.03258466720581055, 0.030463457107543945, 0.023061513900756836, 0.02753281593322754, 0.03241086006164551, 0.022649526596069336, 0.03082442283630371, 0.02946019172668457, 0.020527362823486328, 0.029753923416137695, 0.030803203582763672, 0.021148681640625, 0.02910780906677246, 0.03437995910644531, 0.03128480911254883, 0.021778345108032227, 0.03181099891662598, 0.024486780166625977, 0.024135828018188477, 0.026920557022094727, 0.026679277420043945, 0.026825904846191406, 0.02603459358215332, 0.024328231811523438, 0.029279232025146484, 0.020642757415771484, 0.029212236404418945, 0.020984411239624023, 0.03349709510803223, 0.028874874114990234]
