Evaluating parameters:
hidden_sizes = (256, 128)
batch_size = 32
learning_rate = 0.005
weight_decay = 0.005
betas = (0.9, 0.999)
activation = relu
use_layer_norm = False
bias = True
num_parameters = 35458
Best Validation MSE: 1.016554093360901
Final Test RMSE: 1.0809823654964321
Training Loss per epoch: [309.1678601433249, 53.79091891120462, 30.02970089631922, 21.60687317567713, 16.456388080821316, 13.821509922251982, 12.165214734918932, 11.108336196226233, 10.484876997330609, 9.72949877907248, 8.80532132878023, 8.3446047446307, 8.035254450405345, 7.603172540664673, 7.2300840405856865, 7.187523631488576, 6.723075474009795, 6.4270539423998665, 6.451779141145594, 6.424794098910163, 6.620213578729069, 5.895119667053223, 5.800750648274141, 6.091124282163732, 5.841234964482925, 5.547441005706787, 5.323734760284424, 5.290812253952026, 5.644859131644754, 5.514382839202881, 5.124021978939281, 5.158038321663351, 5.069818251273212, 5.406354287091424, 5.197572673068327, 4.931051240247839, 5.265679836273193, 4.906425826689777, 4.657230545492733, 4.433933047687306, 3.8989998593049893, 3.949390179970685, 4.106863428564632, 3.7892858140608845, 3.1823120327556835, 3.0584425014608048, 2.947739194421207, 2.945967169368968, 3.0126568219240974, 2.725616027327145, 2.9271194233613858, 2.586841485079597, 2.523455072851742, 2.659456126830157, 2.166222803732928, 1.9953801912419937, 1.9460948004442102, 1.7972225231282852, 1.5507905833861406, 1.8176507669336655, 1.528029624153586, 1.298354124321657, 1.3708391084390528, 1.2966185457566206, 1.3046653761583216, 1.3917189520948074, 1.3035715853466707, 1.124500151942758, 1.0338461328955257, 1.2272362498676075, 1.0724175993133993, 1.0543792773695553, 1.0738479495048523, 1.0083781305481405, 0.9391351166893455, 0.9172118797021753, 0.8551506610477672, 0.9832804939326119, 0.9296571892850539, 0.9061163926825804, 0.8974189863485449, 0.9894466119654038, 1.1815792006604813, 1.0214952020084156, 1.0612083357923172, 0.9314017681514516]
Validation Loss per epoch: [108.209765625, 30.97481460571289, 28.33235893249512, 17.37879047393799, 14.449473190307618, 12.654776000976563, 11.742377376556396, 10.529138374328614, 9.382650661468507, 8.032893466949464, 7.736159706115723, 7.175932216644287, 6.351184749603272, 6.383212423324585, 5.824779319763183, 5.21678524017334, 5.484149408340454, 5.04791293144226, 5.097154569625855, 5.269323396682739, 4.470004606246948, 5.049580717086792, 4.272560548782349, 4.159170293807984, 5.144190883636474, 4.793818950653076, 4.09376368522644, 4.271454954147339, 4.208088779449463, 4.756071519851685, 4.932981204986572, 4.261549091339111, 4.503361320495605, 4.313502788543701, 3.784481430053711, 4.396297550201416, 4.177191638946534, 3.970654773712158, 4.335674524307251, 3.5519188404083253, 3.0616769790649414, 3.0468471527099608, 4.01061429977417, 2.9096376419067385, 2.829395961761475, 2.630028414726257, 2.5932101249694823, 2.639240336418152, 2.3284696340560913, 2.7523743152618407, 2.7708057403564452, 2.4149249315261843, 2.736913275718689, 2.2334680795669555, 1.922974181175232, 1.7501687288284302, 1.605799424648285, 1.9012951612472535, 1.4588131785392762, 1.50088312625885, 1.4849305152893066, 1.4585109233856202, 1.2733721375465392, 1.2190118908882142, 1.287926197052002, 1.5568177223205566, 1.2213608741760253, 1.0917798280715942, 1.3658635377883912, 1.1298075914382935, 1.3177812099456787, 1.17180095911026, 1.3414533853530883, 1.2655285596847534, 1.160054439306259, 1.016554093360901, 1.1020008325576782, 1.1740636944770813, 1.0189345479011536, 1.0327146768569946, 1.2091984152793884, 1.6060595273971559, 1.542439842224121, 1.2604518294334413, 1.2088298559188844, 1.1680400133132935]
Training Time (h:m:s):   0:00:04
Epoch Times (seconds): [0.04474925994873047, 0.05285358428955078, 0.042406320571899414, 0.05018305778503418, 0.03714609146118164, 0.03902316093444824, 0.0487058162689209, 0.034978628158569336, 0.04707455635070801, 0.03157544136047363, 0.04706835746765137, 0.043550729751586914, 0.04694366455078125, 0.05163764953613281, 0.023157119750976562, 0.03130030632019043, 0.04992365837097168, 0.028121232986450195, 0.041787147521972656, 0.0333104133605957, 0.04750943183898926, 0.0314176082611084, 0.031336307525634766, 0.05751395225524902, 0.03429746627807617, 0.06689882278442383, 0.04996204376220703, 0.04707145690917969, 0.031427621841430664, 0.05405426025390625, 0.04205894470214844, 0.03176569938659668, 0.05256056785583496, 0.039016008377075195, 0.031402587890625, 0.04144906997680664, 0.039455413818359375, 0.03874397277832031, 0.02954888343811035, 0.046972036361694336, 0.031289100646972656, 0.031296491622924805, 0.04740405082702637, 0.04630303382873535, 0.03176236152648926, 0.03130984306335449, 0.03095865249633789, 0.047228097915649414, 0.04152369499206543, 0.04797720909118652, 0.025999784469604492, 0.033770084381103516, 0.04707789421081543, 0.04184269905090332, 0.0388340950012207, 0.025693893432617188, 0.030812740325927734, 0.04700326919555664, 0.031302690505981445, 0.045450687408447266, 0.04751777648925781, 0.046187400817871094, 0.047307491302490234, 0.031641244888305664, 0.046645164489746094, 0.03142547607421875, 0.04188942909240723, 0.03331351280212402, 0.04694366455078125, 0.031241416931152344, 0.04699110984802246, 0.04277944564819336, 0.032309532165527344, 0.0549311637878418, 0.03469681739807129, 0.04084658622741699, 0.04158329963684082, 0.026633024215698242, 0.04735517501831055, 0.0419919490814209, 0.055768728256225586, 0.056595802307128906, 0.044107913970947266, 0.04756355285644531, 0.03136157989501953, 0.054378509521484375]
