Evaluating parameters: num_units = 128, batch_size = 32, lr = 0.005, input_size = 8, output_size = 2
Best Validation MSE Loss: 1.1599236602907057
Best Validation RMSE Loss: 1.0769975210234728
Final Test MSE Loss: 1.7451368400028773
Final Test RMSE Loss: 1.3210362750518538
Training Loss per epoch: [470.4565875801072, 125.35855227564522, 42.91736403168691, 20.98626566554803, 18.76804541831132, 18.77487636544851, 18.71647072903937, 18.652900546622675, 18.615654016562235, 18.32628006997277, 17.74928824639631, 16.095900429027708, 14.312859835349427, 12.818862790723974, 11.733192981954394, 10.159677569426638, 9.420965844692464, 9.01126990149585, 8.6191490295879, 8.084220342795943, 7.427673989834066, 7.203195277095063, 6.556285043002507, 6.0293133911473795, 5.515537721040751, 4.873234314625489, 4.257019431009417, 3.7640268163308086, 3.391419923061321, 3.02401216203274, 2.7084441939767734, 2.4607458016947885, 2.23587681661105, 2.097029950143683, 1.953003411186474, 1.8409922806688306, 1.7189302444458008, 1.708570448046956, 1.70410125704007, 1.7446011715539118, 1.5997785261001445, 1.5561743375309354, 1.5848081277291424, 1.5722291567250115, 1.4940761549734758, 1.523477365628745, 1.5072454735775456, 1.5287938466507185, 1.595250440931409, 1.5915193611017153, 1.6558170276425181, 1.5810323742736874]
Validation Loss per epoch: [199.07234092811484, 65.20049176897321, 22.363753232088957, 15.398809333900353, 14.954045853057465, 14.936490343762683, 14.974810786061473, 14.907689057387314, 14.943196358618799, 14.343408584594727, 13.635914914019697, 11.93821399242847, 10.447472609482803, 9.733855334195225, 8.477628497334269, 7.49062155438708, 7.318745006214488, 6.998460460018802, 6.424912229760901, 5.9116398885652615, 5.869474832113687, 4.860982622419085, 4.605104273015803, 4.345049356485342, 3.4657185356338305, 2.94679898720283, 2.6296045965962596, 2.431246971155142, 2.1761332270386933, 2.3274791302619042, 1.7273481356633174, 1.589808914568517, 1.5677173447299313, 1.4057438110376332, 1.3465253083736866, 1.327384803202245, 1.3795610852055735, 1.3557791756345081, 1.5136131930660892, 1.2382323850284924, 1.2275487896683928, 1.1652815945736774, 1.3208050851698045, 1.254713470285589, 1.2503332844028225, 1.2109841340548033, 1.1599236602907057, 1.304912502115423, 1.2562420646865646, 1.490327853661079, 1.2488956528824646, 1.2249667814799718]
Validation RMSE per epoch: [14.109299802900031, 8.074682146621823, 4.729033012370389, 3.9241316662288934, 3.867046140538986, 3.864775587762203, 3.8697300663045575, 3.861047663185125, 3.865643071808208, 3.787269278067606, 3.692683971587563, 3.4551720640842865, 3.232255034721549, 3.119912712592329, 2.9116367385603357, 2.736899989840162, 2.7053179122266737, 2.645460349356762, 2.5347410577336893, 2.4313864128445855, 2.422699905500821, 2.204763620531481, 2.145950668821584, 2.084478197651715, 1.8616440410652704, 1.7166242999569912, 1.6216055613484617, 1.5592456416982996, 1.4751722702920813, 1.525607790443502, 1.314286169623388, 1.26087624871298, 1.252085198670574, 1.1856406753471447, 1.1603987712737749, 1.1521218699435598, 1.1745471830478218, 1.164379309174853, 1.2302898817214134, 1.1127589069643489, 1.1079480085583406, 1.0794820955317774, 1.1492628442483488, 1.12013993335011, 1.118183028132167, 1.1004472427403338, 1.0769975210234728, 1.1423276684539436, 1.12082204862617, 1.2207898482790063, 1.1175400005737892, 1.1067821743595132]
Training Time (h:m:s):   0:00:04
Epoch Times (seconds): [0.08640027046203613, 0.0734248161315918, 0.09662699699401855, 0.08214354515075684, 0.08311319351196289, 0.08933663368225098, 0.07675886154174805, 0.0844118595123291, 0.08314156532287598, 0.09251761436462402, 0.09078836441040039, 0.0944826602935791, 0.0828406810760498, 0.06664466857910156, 0.06644105911254883, 0.085418701171875, 0.08737897872924805, 0.0720818042755127, 0.09917879104614258, 0.0685882568359375, 0.08217811584472656, 0.07411479949951172, 0.07657790184020996, 0.08833813667297363, 0.08243322372436523, 0.07367730140686035, 0.08914446830749512, 0.10077857971191406, 0.07596921920776367, 0.08315157890319824, 0.08341050148010254, 0.08674955368041992, 0.07342720031738281, 0.06462955474853516, 0.10605001449584961, 0.07783102989196777, 0.07928657531738281, 0.08039712905883789, 0.08036255836486816, 0.08128547668457031, 0.07664752006530762, 0.08416152000427246, 0.08784890174865723, 0.09159731864929199, 0.09184408187866211, 0.08582806587219238, 0.08573436737060547, 0.0812520980834961, 0.08377695083618164, 0.0833594799041748, 0.08314990997314453, 0.0761404037475586]
