Evaluating parameters: t_step = 500.0, t_end = 500.0, batch_size = 128, lr = 0.005, input_size = 4, hidden_size = 2, output_size = 2, initial_state_scale = 1.0, state_clip = 20.0, use_layer_norm = True
Best Validation Accuracy: 0.9963636363636363
Validation Loss at Best Accuracy: 0.01724322574834029
Validation Error at Best Accuracy: 0.0036363636363636598
Final Test CE Loss: 0.038271768717095256
Final Test Accuracy: 0.9855072463768116
Final Test Error: 0.01449275362318836
Training Loss per epoch: [14.106288433074951, 12.580618739128113, 10.594964981079102, 8.6154043674469, 6.909733414649963, 5.026829659938812, 3.034754991531372, 1.2692916542291641, 0.6444096937775612, 0.6438262537121773, 0.5807179063558578, 0.5343965664505959, 0.5115319415926933, 0.41950297355651855, 0.36507775634527206, 0.3462931178510189, 0.33583562821149826, 0.3203331623226404, 0.2989196050912142, 0.28150184266269207, 0.2321849875152111, 0.18782722856849432, 0.16954118851572275, 0.12513518054038286, 0.10713980160653591, 0.09727318957448006, 0.05356533802114427, 0.08705196355003864, 0.03997478890232742, 0.03975341247860342, 0.03595337306614965]
Validation Loss per epoch: [13.155451774597168, 11.641881624857584, 9.075555801391602, 7.64063819249471, 5.915422121683757, 3.939145485560099, 1.9577946662902832, 0.6412046750386556, 0.6752618153889974, 0.5195412139097849, 0.5460970004399618, 0.48865795135498047, 0.40692641337712604, 0.32105865081151325, 0.3102848728497823, 0.30615641673405963, 0.27726533512274426, 0.23412885765234628, 0.22654744486014047, 0.20615807175636292, 0.13056055580576262, 0.09520714109142621, 0.07612139793733756, 0.06248420290648937, 0.03535079024732113, 0.032060242568453155, 0.03014764158676068, 0.02819636696949601, 0.01926475390791893, 0.018169462991257507, 0.01724322574834029]
Validation Accuracy per epoch: [0.31272727272727274, 0.27636363636363637, 0.32, 0.2909090909090909, 0.2545454545454545, 0.23636363636363636, 0.23636363636363636, 0.56, 0.7527272727272727, 0.7636363636363637, 0.56, 0.7854545454545454, 0.8363636363636363, 0.8763636363636363, 0.88, 0.88, 0.8836363636363637, 0.8981818181818182, 0.92, 0.9309090909090909, 0.9490909090909091, 0.9672727272727273, 0.9781818181818182, 0.9854545454545455, 0.9927272727272727, 0.9927272727272727, 0.9927272727272727, 0.9927272727272727, 0.9963636363636363, 0.9963636363636363, 0.9963636363636363]
Validation Error per epoch: [0.6872727272727273, 0.7236363636363636, 0.6799999999999999, 0.7090909090909091, 0.7454545454545455, 0.7636363636363637, 0.7636363636363637, 0.43999999999999995, 0.2472727272727273, 0.23636363636363633, 0.43999999999999995, 0.2145454545454546, 0.1636363636363637, 0.12363636363636366, 0.12, 0.12, 0.11636363636363634, 0.10181818181818181, 0.07999999999999996, 0.06909090909090909, 0.050909090909090904, 0.032727272727272716, 0.021818181818181848, 0.014545454545454528, 0.0072727272727273196, 0.0072727272727273196, 0.0072727272727273196, 0.0072727272727273196, 0.0036363636363636598, 0.0036363636363636598, 0.0036363636363636598]
Training Time (h:m:s):   0:00:00
Epoch Times (seconds): [0.022920846939086914, 0.017386913299560547, 0.021099328994750977, 0.025066614151000977, 0.022661924362182617, 0.024305343627929688, 0.021310091018676758, 0.02824687957763672, 0.02570629119873047, 0.024666309356689453, 0.029696226119995117, 0.02346062660217285, 0.01671433448791504, 0.027769804000854492, 0.029108047485351562, 0.024645328521728516, 0.016950607299804688, 0.0330500602722168, 0.0276031494140625, 0.021418094635009766, 0.028857946395874023, 0.020934104919433594, 0.02909231185913086, 0.02078390121459961, 0.02885150909423828, 0.02565312385559082, 0.02498793601989746, 0.023204803466796875, 0.024171113967895508, 0.024015426635742188, 0.025970935821533203]
