Evaluating parameters: batch_size = 32, lr = 0.005, num_layers = 2, hidden_dim = 15, input_size = 10, output_size = 1, input_channels = 1, activation = tanh, use_layer_norm = True, t0 = 0.0, t1 = 1.0, method = None, rtol = 0.001, atol = 0.0001
Best Validation MSE: 2557.280627304249
Best Validation RMSE: 50.56956226134698
Best Validation MAE: 42.06231346558989
Final Test MSE: 2307.4266655815973
Final Test RMSE: 48.03568117120436
Final Test MAE: 37.98424343532986
Training MSE per epoch: [29158.740767045456, 28504.277140827922, 27230.939123376622, 25407.00372869318, 23132.349228896102, 20368.311662946428, 17244.500583400975, 14150.303901176949, 11326.92273741883, 9020.750767299107, 7356.767641538149, 6270.809227881494, 6044.120706929789, 5772.994261109984, 5558.245706929789, 5517.578017197646, 5642.148583350244, 5344.2395748782465, 5268.028510551948, 5038.515358664773, 4832.735319855925, 4628.006943739854, 4462.852729301948, 4333.335518973215, 4129.653799081778, 4006.218071479302, 3858.6622362012986, 3753.621575689935, 3744.8937671215504, 3649.259378804789, 3634.0639267958604, 3571.004930372362, 3546.700915051745, 3510.0439897017045, 3490.2036513291396, 3442.5503912591316, 3463.0358569653004, 3390.152104365361, 3421.3744197696833, 3428.244581346388, 3350.7896554129466, 3315.562817065747, 3278.2408811891232, 3267.6591891994726, 3362.943800096388, 3287.783615310471, 3183.468822925122, 3141.8476308847403, 3111.7098087459417, 3083.3358233563313, 3059.6685489803167, 3031.7404436383927, 2990.97581105418, 3023.237875405844, 2978.3372913707385, 3016.7128525771104, 2967.830233487216, 2863.250558035714, 2936.8713474025976, 2843.054985541802, 2816.4256671063313, 2817.357475776177, 2720.1304028003246, 2694.2818191330152, 2724.8435692725243, 2671.455382508117, 2650.9090940797482]
Validation MSE per epoch: [27293.892248946628, 26302.974389922754, 24719.69127457865, 22694.248156601123, 20174.533444522473, 17255.047182233146, 14176.192547401686, 11194.33142775632, 8671.142698823736, 6751.236421392205, 5550.6209127018965, 4943.011395057935, 5143.83491704705, 4549.657835542486, 4541.990322155899, 4465.4284256495785, 4666.01622849368, 4327.252460608322, 4162.872223929073, 4354.136011016502, 3753.7646319785813, 3509.301892227001, 3305.9528644004563, 3150.903868943118, 3095.805790247542, 3002.7236492714187, 2978.104429094979, 2934.8665620610955, 2960.713167683462, 2913.090908093399, 2913.6860488720154, 2955.599612118153, 2879.6975536560744, 2876.298850070225, 2888.395027760709, 2831.4411346778443, 2820.1165620610955, 2744.6314546392205, 2829.974367977528, 2761.8420547313904, 2828.9744420426614, 2679.6728378467346, 2700.0461837254215, 2668.0746027914324, 2695.2822622234903, 2832.9127348139045, 2652.0666394180125, 2851.444393543715, 2609.218922818645, 2762.3828125, 2615.627416717872, 2719.3087693117977, 2597.795286714361, 2568.8071563377807, 2856.9788914369733, 2782.639645694347, 2557.280627304249, 2619.3536198648176, 2893.801261301791, 2634.397183879038, 2589.299563290028, 2642.953094825316, 2947.623913711376, 2655.3772082382375, 2816.4718771945227, 3490.8885566625704, 2660.446075096559]
Validation RMSE per epoch: [165.2086324891851, 162.18191757999026, 157.22497026420024, 150.64610236113353, 142.03708475085818, 131.35846825474613, 119.06381712091077, 105.80326756653747, 93.11897067098485, 82.1659079021963, 74.5024893054044, 70.3065530022482, 71.72053344089856, 67.45115147677234, 67.39428998183674, 66.82386119979583, 68.30824422054545, 65.78185510160321, 64.52032411518925, 65.98587736036025, 61.26797395033217, 59.23936100454664, 57.49741615412345, 56.13291252859697, 55.63996576425566, 54.797113512222694, 54.57201140781764, 54.17440873753119, 54.41243578156984, 53.97305724241863, 53.97857027443405, 54.365426624999024, 53.662813508574764, 53.6311369455303, 53.74379059724676, 53.21128766227937, 53.104769673364515, 52.38923033066262, 53.19750339985447, 52.55323067834546, 53.18810432834265, 51.76555648157117, 51.961968628271016, 51.65340843343673, 51.91610792637956, 53.22511376045996, 51.49821976940574, 53.39891753157282, 51.0805141205396, 52.55837528405915, 51.143204990671755, 52.14699194883438, 50.96857155850417, 50.68340119149247, 53.450714601742916, 52.7507312337407, 50.56956226134698, 51.179621138347805, 53.79406343921038, 51.326379025594996, 50.88516054106568, 51.40965954784486, 54.29202440240533, 51.53035230073861, 53.07044259467338, 59.08374189794152, 51.579512164197126]
Validation MAE per epoch: [149.18741221910113, 145.8723693161868, 140.30142314782304, 132.98340666695927, 123.32283071453652, 111.08716368943118, 96.97261784585675, 83.7499725684691, 72.43216182408707, 65.1864137113764, 61.21822880091292, 58.899822792310395, 59.97807123419944, 57.73607026860955, 57.91611437851124, 57.4306517183111, 57.84105073735955, 56.33206965414326, 55.29827400807584, 56.283087912570224, 51.8071837693118, 48.768529999122194, 47.74061430170295, 46.197913009129216, 45.195139681355336, 44.80547752808989, 44.58168149798104, 44.52414660507374, 44.366448220242276, 44.33474011367626, 44.32690704002809, 44.51650555214185, 44.006310623683284, 44.07765729239817, 44.26585405328301, 43.86301379257374, 43.74093250746137, 43.58300506934691, 43.722375076808284, 44.185540017117276, 43.61811194259129, 43.208105194434694, 43.25459752457865, 43.19005799025632, 43.7596435546875, 43.900348106127105, 43.23042485955056, 43.844402870435395, 42.87307293495435, 43.370321552405194, 42.88480402914326, 43.13591637772121, 42.53098391415028, 42.571950162394664, 43.38874731170997, 43.17706504564607, 42.06231346558989, 42.102868240870784, 43.36605457777387, 42.009972733058284, 42.50822808769312, 42.79546227615871, 42.982751053370784, 43.56235872761587, 42.12959203827247, 45.24608552054073, 42.58764374122191]
Training Time (h:m:s):   0:01:09
Epoch Times (seconds): [0.5390923023223877, 0.7291021347045898, 0.8544108867645264, 0.8544690608978271, 0.8557572364807129, 0.9185879230499268, 0.8856203556060791, 0.8430824279785156, 0.9184741973876953, 0.8078742027282715, 0.838465690612793, 0.9341213703155518, 0.9964227676391602, 0.9650776386260986, 0.9191038608551025, 0.9019410610198975, 1.014143466949463, 0.9818222522735596, 1.0286023616790771, 1.219202995300293, 1.1870753765106201, 1.235685110092163, 1.2490148544311523, 1.2335929870605469, 1.2818732261657715, 1.3921756744384766, 1.2977139949798584, 1.2025067806243896, 1.2031092643737793, 1.2182960510253906, 1.1706621646881104, 1.1066811084747314, 1.1869633197784424, 1.0765936374664307, 1.0774204730987549, 1.0596778392791748, 1.1236402988433838, 0.9818942546844482, 1.0925276279449463, 1.061037540435791, 1.0304877758026123, 1.0445659160614014, 1.0286977291107178, 1.0285203456878662, 1.0275330543518066, 1.0442051887512207, 0.9499237537384033, 1.0596427917480469, 0.9653139114379883, 0.9178898334503174, 0.9329495429992676, 1.0121345520019531, 0.9806938171386719, 0.9960715770721436, 0.9961047172546387, 0.997525691986084, 1.0127696990966797, 1.0600614547729492, 1.0599074363708496, 0.964423418045044, 1.0603365898132324, 0.9989156723022461, 1.0476768016815186, 1.029078722000122, 1.060065746307373, 1.0601191520690918, 1.0285236835479736]
