Evaluating parameters: t_step = 50, t_end = 50, batch_size = 256, lr = 0.005, input_size = 8, hidden_size = 2, output_size = 2
Best Validation MSE Loss: 16.67597007751465
Best Validation RMSE Loss: 4.083622176146399
Final Test MSE Loss: 18.34111976623535
Final Test RMSE Loss: 4.282653355833898
Training Loss per epoch: [708.884855416012, 695.1092833904358, 683.6102582480432, 667.1207148091975, 651.3544241054542, 635.9044275834352, 619.9888839863754, 606.0911772033578, 587.363968321731, 570.3590573216728, 548.3531267958202, 522.4253250207315, 492.8629191308048, 459.941023956242, 415.8070948083973, 369.4046418884391, 328.55987702268465, 274.9890815266018, 228.03141412433078, 186.5307042354534, 151.49641952656722, 127.7855990106167, 118.58899874838148, 110.47722624311677, 109.83902430756353, 97.10033433796973, 91.05175238525845, 81.47775193255264, 78.47378415013603, 77.54451642311707, 75.7144682260865, 73.35020746554298, 75.4735094919329, 72.47770311579357, 67.31704055530399, 65.15505562325873, 66.12109332377685, 59.07535855596958, 53.8295126334249, 51.97479750990202, 52.25625958433808, 53.0116667862933, 47.68586326045031, 42.843979322266534, 37.45073300366961, 35.91308337305733, 36.31034464276703, 33.52763103506419, 34.69774912544691, 33.50462583900608, 32.171969301873744, 32.95491490639344, 32.869568105516485, 36.04197314598041, 29.042427958056912, 27.466479189569057, 22.255688757869784, 21.604448421485376, 22.935738561761667, 20.611528108905812, 20.57880291503679, 20.585611684362316, 20.62230692318254, 20.62965537627094, 20.604671396578713, 20.586790297950447, 20.563861882442424, 20.567945142920014, 20.56638922238483, 20.56966457331425]
Validation Loss per epoch: [661.98681640625, 650.4763793945312, 642.56640625, 630.0076293945312, 617.6897583007812, 604.465576171875, 586.5703125, 571.9544677734375, 551.3438720703125, 533.4021606445312, 511.1072082519531, 488.2182312011719, 453.3537902832031, 425.1882019042969, 378.3833923339844, 329.75811767578125, 284.1372375488281, 236.8726348876953, 192.89620971679688, 152.5535888671875, 133.66221618652344, 117.29499816894531, 116.10979461669922, 106.3745346069336, 95.4442138671875, 86.396484375, 78.99236297607422, 75.0709228515625, 70.18145751953125, 68.96647644042969, 71.77709197998047, 65.72247314453125, 63.0590705871582, 61.23234558105469, 60.56551742553711, 55.324851989746094, 50.58647155761719, 52.282981872558594, 46.84790802001953, 46.28059387207031, 42.19209289550781, 43.50353240966797, 37.493743896484375, 39.7397346496582, 30.61072540283203, 37.236846923828125, 33.81614303588867, 37.61482238769531, 30.546024322509766, 27.525571823120117, 28.253929138183594, 26.055686950683594, 25.976604461669922, 25.19225311279297, 29.873760223388672, 21.235870361328125, 19.708864212036133, 18.010250091552734, 18.157840728759766, 16.67597007751465, 16.764541625976562, 16.837120056152344, 16.866395950317383, 16.835237503051758, 16.781513214111328, 16.758399963378906, 16.77336311340332, 16.782299041748047, 16.767074584960938, 16.787578582763672]
Validation RMSE per epoch: [25.72910446180065, 25.50443842539042, 25.3488935902536, 25.09995277673907, 24.853365130315478, 24.5858816431682, 24.219213705238243, 23.915569568242308, 23.480712767510113, 23.095500874510847, 22.607680293474452, 22.095660913427594, 21.292106290435502, 20.620092189519834, 19.452079383294333, 18.159243312312913, 16.856370829713853, 15.390667135887753, 13.888707993071094, 12.351258594458603, 11.561237658076381, 10.830281536919772, 10.775425495853945, 10.313803110731444, 9.76955545903638, 9.294970918459079, 8.887764790771312, 8.664347803012209, 8.377437407676124, 8.304605736603616, 8.472136211132376, 8.106939813797267, 7.940974158575143, 7.8251099405091225, 7.782385073069638, 7.438067759152648, 7.112416717095336, 7.2306971913197, 6.844553164379653, 6.802984188727056, 6.49554408002192, 6.595720764986035, 6.123213526938643, 6.303945958656229, 5.532696033836671, 6.102200170744002, 5.815164919061941, 6.133092400061759, 5.526845784216325, 5.246481851976629, 5.315442515744441, 5.104477147630655, 5.096724876003209, 5.01918849145885, 5.465689363967611, 4.608239399307302, 4.439466658511598, 4.243848500070747, 4.261201793949656, 4.083622176146399, 4.094452542889777, 4.103305991045799, 4.106871796187139, 4.103076589956829, 4.096524528684203, 4.093702476167376, 4.095529649923599, 4.096620441503953, 4.094761847160459, 4.0972647684478085]
Training Time (h:m:s):   0:00:01
Epoch Times (seconds): [0.015740394592285156, 0.01604604721069336, 0.01576709747314453, 0.03150534629821777, 0.0157928466796875, 0.015778779983520508, 0.031508445739746094, 0.02159285545349121, 0.010016918182373047, 0.015729188919067383, 0.015720605850219727, 0.031540870666503906, 0.0157320499420166, 0.03206944465637207, 0.01570582389831543, 0.015740394592285156, 0.01573348045349121, 0.01574110984802246, 0.015859127044677734, 0.015900135040283203, 0.01595592498779297, 0.016122102737426758, 0.01578831672668457, 0.03142523765563965, 0.015669822692871094, 0.0317995548248291, 0.015923738479614258, 0.016022920608520508, 0.031464576721191406, 0.01607203483581543, 0.03180646896362305, 0.015952110290527344, 0.015799522399902344, 0.03176116943359375, 0.015970468521118164, 0.015948057174682617, 0.01595139503479004, 0.01606917381286621, 0.01588273048400879, 0.015685081481933594, 0.015813827514648438, 0.015802860260009766, 0.015802860260009766, 0.015765905380249023, 0.01601696014404297, 0.01573967933654785, 0.01574254035949707, 0.016037940979003906, 0.015717506408691406, 0.01604318618774414, 0.016111373901367188, 0.031652212142944336, 0.016125202178955078, 0.031659603118896484, 0.015985965728759766, 0.047605037689208984, 0.01577138900756836, 0.015781641006469727, 0.016097307205200195, 0.03180360794067383, 0.01592564582824707, 0.015965938568115234, 0.01566290855407715, 0.032027244567871094, 0.015988588333129883, 0.015934228897094727, 0.016041994094848633, 0.01601099967956543, 0.03162837028503418, 0.015966176986694336]
